-1 -1 3
-2 -2 3
-3 -2 0
-4 -5 4
-5 -6 3
-6 -9 1
-7 -9 1
-8 -9 1
-9 -9 1
-10 -9 1
-11 -9 1
-12 -9 1
-13 -9 4
-14 -7 3
-15 -7 0
-16 -10 1
-17 -10 0
-18 -8 2
-19 -12 3
-20 -12 0
-21 -11 2
-22 -14 3
-23 -14 0
-24 -13 2
-25 -16 3
-26 -16 3
-27 -16 0
-28 -15 2
-29 -18 3
-30 -18 3
-31 -18 3
-32 -18 3
-33 -18 0
-34 -17 2
-35 -20 3
-36 -20 3
-37 -20 0
-38 -19 2
-39 -22 3
-40 -22 0
-41 -21 2
-42 -24 3
-43 -24 3
-44 -24 3
-45 -24 3
-46 -24 0
-47 -23 2
-48 -23 2
-49 -23 2
-50 -23 1
-51 -25 3
-52 -25 1
-53 -26 1
-54 -26 1
-55 -26 1
-56 -26 1
-57 -26 1
-58 -26 1
-59 -3 8
-60 -27 3
-61 -27 3
-62 -28 2
-63 -30 2
-64 -30 0
-65 -29 1
-66 -29 1
-67 -29 1
-68 -31 3
-69 -35 2
-70 -35 0
-71 -33 7
-72 -36 4
-73 -36 1
-74 -39 4
-75 -39 0
-76 -41 2
-77 -41 0
-78 -34 2
-79 -42 3
-80 -42 0
-81 -43 2
-82 -43 0
-83 -40 1
-84 -40 1
-85 -44 4
-86 -44 2
-87 -44 2
-88 -44 4
-89 -44 0
-90 -32 9
-91 -37 1
-92 -37 0
-93 -46 2
-94 -46 0
-95 -45 3
-96 -38 3
-97 -38 0
-98 -47 1
-99 -47 1
-100 -47 1
-101 -47 1
-102 -47 1
-103 -47 1
-104 -47 1
-105 -47 1
-106 -47 1
-107 -47 2
-108 -47 2
-109 -57 1
-110 -57 0
-111 -48 5
-112 -58 2
-113 -58 0
-114 -59 2
-115 -59 0
-116 -60 3
-117 -60 0
-118 -49 8
-119 -62 4
-120 -62 0
-121 -61 6
-122 -61 6
-123 -50 8
-124 -63 8
-125 -63 4
-126 -63 0
-127 -51 2
-128 -64 6
-129 -64 7
-130 -52 15
-131 -53 9
-132 -54 4
-133 -55 6
-134 -56 1
-135 -56 2
-136 -66 1
-137 -66 1
-138 -4 7
-139 -4 0