-1 0 1
0 1 0 20 -1 230 -138 244 -59 6 -139 203 -139
-2 0 2 8 23
-5 0 3 8 3 255 265 285 265 289 265 338 265 356 265 357 265 377 265 395 265 399 265
-6 0 4 8 4 255 4 285 4 289 4 338 4 356 4 357 4 377 4 395 4 399 4 112 167 160 167 168 167 205 167
400 0 5 8 5 6 21 203 21 161 -65 162 -66 163 -67 112 165 160 165 168 165 205 165 232 -68 244 -59 255 280 285 280 289 280 338 280 356 280 357 280 377 280 395 280 399 280 288 -71 322 -90
-3 2 6
100 2 7 23 -2 21 29 0 -3 8 -3
806 3 8 27 -5 31 -4 42 -50 44 -52 45 -53 46 -54 47 -55 48 -56 49 -57 50 -58 65 -18 67 -21 69 -24 72 -28 77 -34 80 -38 82 -41 87 -47 88 -48 89 -49 131 -51 171 -19 172 -22 173 -25 174 -26 175 -29 176 -30 177 -31 178 -32 179 -35 180 -36 181 -39 182 -42 183 -43 184 -44 185 -45 212 -78 206 232 233 -69 250 -79 265 -98 266 -99 267 -100 268 -101 269 -102 270 -103 271 -104 272 -105 273 -106 264 289 290 -107 293 -134 295 -136 296 -137 297 -108 298 -109 301 -127 313 -135 332 -132 333 -111 344 -133 359 -128 351 361 363 -118 367 -123 370 -129 371 378 379 -131 381 386 382 387 389 -125 402 -124 403 -130 32 -20 116 -20 33 -23 117 -23 34 -27 118 -27 119 -27 35 -33 120 -33 121 -33 122 -33 123 -33 36 -37 124 -37 125 -37 37 -40 126 -40 38 -46 127 -46 128 -46 129 -46 130 -46 164 -70 167 -80 275 -110 358 -126 400 -126
-7 4 9
700 4 10 27 -5 22 30 42 -50 44 -52 45 -53 46 -54 47 -55 48 -56 49 -57 50 -58 35 73 120 73 121 73 122 73 123 73 77 -34 80 -38 82 -41 87 -47 88 -48 89 -49 131 -51 179 -35 180 -36 181 -39 182 -42 183 -43 184 -44 185 -45 167 213 235 247 36 -37 124 -37 125 -37 37 -40 126 -40 38 -46 127 -46 128 -46 129 -46 130 -46
-9 5 11 165 11 280 11 28 52 211 239 245 239 257 239
200 5 12 28 12 165 12 211 12 245 12 257 12 280 12 304 319
600 12 -6 13 -7 14 -8 15 -9 16 -10 17 -11 18 -12 7 22 11 27 24 50 39 50 40 50 41 50 43 50 66 50 68 50 70 50 71 50 73 50 74 50 75 50 76 50 78 50 79 50 81 50 83 50 84 50 85 50 86 50 207 50 275 50 292 50 300 50 302 50 306 50 325 50 341 50 350 50 361 50 376 50 392 50 29 61 110 -13 208 234 209 235 239 249 255 274 285 274 289 274 338 274 356 274 357 274 377 274 395 274 399 274 276 299 280 305 294 314 305 320 311 324 362 324 319 330 335 343 342 352 378 385
801 12 -6 13 -7 14 -8 15 -9 16 -10 17 -11 18 -12 52 110 110 -13
201 5 13 28 13 165 13 211 13 245 13 257 13 280 13
202 5 14 28 14 165 14 211 14 245 14 257 14 280 14
203 5 15 28 15 165 15 211 15 245 15 257 15 280 15
204 5 16 28 16 165 16 211 16 245 16 257 16 280 16
205 5 17 28 17 165 17 211 17 245 17 257 17 280 17
206 5 18 28 18 165 18 211 18 245 18 257 18 280 18
207 5 19 28 19 165 19 211 19 245 19 257 19 280 19
-4 6 20 203 230
704 9 24 27 -5 51 -14 164 207 212 -78 250 -79 274 292 320 331 330 341 385 392 4 -15 167 -80
-10 10 25
300 10 26 252 259 283 307
701 26 -16 42 -50 44 -52 45 -53 46 -54 47 -55 48 -56 49 -57 50 -58 25 51 35 74 120 74 121 74 122 74 123 74 77 -34 80 -38 82 -41 87 -47 88 -48 89 -49 62 113 131 -51 169 -60 170 -61 179 -35 180 -36 181 -39 182 -42 183 -43 184 -44 185 -45 242 -83 243 -84 240 250 251 -81 258 -86 259 -87 261 286 287 -76 307 -85 308 -88 10 -17 36 -37 124 -37 125 -37 37 -40 126 -40 38 -46 127 -46 128 -46 129 -46 130 -46 213 -82 241 -89 254 -77
802 27 -5 24 43 39 43 40 43 41 43 43 43 66 43 68 43 70 43 71 43 73 43 74 43 75 43 76 43 78 43 79 43 81 43 83 43 84 43 85 43 86 43 207 43 275 43 292 43 300 43 302 43 306 43 325 43 341 43 350 43 361 43 376 43 392 43 164 -73 166 211 212 -78 234 245 246 -72 250 -79 286 -74 277 300 278 302 279 304 281 306 291 311 314 -112 312 325 340 350 352 362 368 376 167 -80 235 -75 274 -113
800 19 28
-8 24 31 43 90 207 233 275 298 292 313 392 313 300 316 302 317 306 321 325 336 341 351 350 360 361 371 376 383
-11 24 32 43 32 207 32 275 32 292 32 300 32 302 32 306 32 325 32 341 32 350 32 361 32 376 32 392 32 66 116
-13 24 33 43 33 66 33 207 33 275 33 292 33 300 33 302 33 306 33 325 33 341 33 350 33 361 33 376 33 392 33 68 117
-15 24 34 43 34 66 34 68 34 207 34 275 34 292 34 300 34 302 34 306 34 325 34 341 34 350 34 361 34 376 34 392 34 70 118 71 119
-17 24 35 43 35 66 35 68 35 70 35 71 35 207 35 275 35 292 35 300 35 302 35 306 35 325 35 341 35 350 35 361 35 376 35 392 35 73 120 74 121 75 122 76 123
-19 24 36 43 36 66 36 68 36 70 36 71 36 73 36 74 36 75 36 76 36 207 36 275 36 292 36 300 36 302 36 306 36 325 36 341 36 350 36 361 36 376 36 392 36 78 124 79 125
-21 24 37 43 37 66 37 68 37 70 37 71 37 73 37 74 37 75 37 76 37 78 37 79 37 207 37 275 37 292 37 300 37 302 37 306 37 325 37 341 37 350 37 361 37 376 37 392 37 81 126
-23 24 38 43 38 66 38 68 38 70 38 71 38 73 38 74 38 75 38 76 38 78 38 79 38 81 38 207 38 275 38 292 38 300 38 302 38 306 38 325 38 341 38 350 38 361 38 376 38 392 38 83 127 84 128 85 129 86 130
708 24 39 43 39 66 39 68 39 70 39 71 39 73 39 74 39 75 39 76 39 78 39 79 39 81 39 83 39 84 39 85 39 86 39 207 39 275 39 292 39 300 39 302 39 306 39 325 39 341 39 350 39 361 39 376 39 392 39 42 -50 44 -52 45 -53 46 -54 47 -55 48 -56 49 -57 50 -58 36 79 124 79 125 79 80 -38 82 -41 87 -47 88 -48 89 -49 131 -51 181 -39 182 -42 183 -43 184 -44 185 -45 37 -40 126 -40 38 -46 127 -46 128 -46 129 -46 130 -46
707 24 40 43 40 66 40 68 40 70 40 71 40 73 40 74 40 75 40 76 40 78 40 79 40 81 40 83 40 84 40 85 40 86 40 207 40 275 40 292 40 300 40 302 40 306 40 325 40 341 40 350 40 361 40 376 40 392 40 42 -50 44 -52 45 -53 46 -54 47 -55 48 -56 49 -57 50 -58 36 78 124 78 125 78 80 -38 82 -41 87 -47 88 -48 89 -49 131 -51 181 -39 182 -42 183 -43 184 -44 185 -45 37 -40 126 -40 38 -46 127 -46 128 -46 129 -46 130 -46
718 24 41 43 41 66 41 68 41 70 41 71 41 73 41 74 41 75 41 76 41 78 41 79 41 81 41 83 41 84 41 85 41 86 41 207 41 275 41 292 41 300 41 302 41 306 41 325 41 341 41 350 41 361 41 376 41 392 41
-25 24 42 43 42 66 42 68 42 70 42 71 42 73 42 74 42 75 42 76 42 78 42 79 42 81 42 83 42 84 42 85 42 86 42 207 42 275 42 292 42 300 42 302 42 306 42 325 42 341 42 350 42 361 42 376 42 392 42 39 87 40 88 41 89
709 42 -50 44 -52 45 -53 46 -54 47 -55 48 -56 49 -57 50 -58 38 83 127 83 128 83 129 83 130 83 87 -47 88 -48 89 -49 131 -51
710 42 -50 44 -52 45 -53 46 -54 47 -55 48 -56 49 -57 50 -58 38 84 127 84 128 84 129 84 130 84 87 -47 88 -48 89 -49 131 -51
713 42 -50 44 -52 45 -53 46 -54 47 -55 48 -56 49 -57 50 -58 38 85 127 85 128 85 129 85 130 85 87 -47 88 -48 89 -49 131 -51
711 42 -50 44 -52 45 -53 46 -54 47 -55 48 -56 49 -57 50 -58 38 86 127 86 128 86 129 86 130 86 87 -47 88 -48 89 -49 131 -51
712 42 -50 44 -52 45 -53 46 -54 47 -55 48 -56 49 -57 50 -58 37 81 126 81 82 -41 87 -47 88 -48 89 -49 131 -51 182 -42 183 -43 184 -44 185 -45 38 -46 127 -46 128 -46 129 -46 130 -46
703 42 -50 44 -52 45 -53 46 -54 47 -55 48 -56 49 -57 50 -58 35 75 120 75 121 75 122 75 123 75 77 -34 80 -38 82 -41 87 -47 88 -48 89 -49 131 -51 179 -35 180 -36 181 -39 182 -42 183 -43 184 -44 185 -45 36 -37 124 -37 125 -37 37 -40 126 -40 38 -46 127 -46 128 -46 129 -46 130 -46
702 42 -50 44 -52 45 -53 46 -54 47 -55 48 -56 49 -57 50 -58 35 76 120 76 121 76 122 76 123 76 77 -34 80 -38 82 -41 87 -47 88 -48 89 -49 131 -51 179 -35 180 -36 181 -39 182 -42 183 -43 184 -44 185 -45 36 -37 124 -37 125 -37 37 -40 126 -40 38 -46 127 -46 128 -46 129 -46 130 -46
705 42 -50 44 -52 45 -53 46 -54 47 -55 48 -56 49 -57 50 -58 34 70 118 70 119 70 72 -28 77 -34 80 -38 82 -41 87 -47 88 -48 89 -49 131 -51 175 -29 176 -30 177 -31 178 -32 179 -35 180 -36 181 -39 182 -42 183 -43 184 -44 185 -45 35 -33 120 -33 121 -33 122 -33 123 -33 36 -37 124 -37 125 -37 37 -40 126 -40 38 -46 127 -46 128 -46 129 -46 130 -46
706 42 -50 44 -52 45 -53 46 -54 47 -55 48 -56 49 -57 50 -58 34 71 118 71 119 71 72 -28 77 -34 80 -38 82 -41 87 -47 88 -48 89 -49 131 -51 175 -29 176 -30 177 -31 178 -32 179 -35 180 -36 181 -39 182 -42 183 -43 184 -44 185 -45 35 -33 120 -33 121 -33 122 -33 123 -33 36 -37 124 -37 125 -37 37 -40 126 -40 38 -46 127 -46 128 -46 129 -46 130 -46
717 42 -50 44 -52 45 -53 46 -54 47 -55 48 -56 49 -57 50 -58 33 68 117 68 69 -24 72 -28 77 -34 80 -38 82 -41 87 -47 88 -48 89 -49 131 -51 173 -25 174 -26 175 -29 176 -30 177 -31 178 -32 179 -35 180 -36 181 -39 182 -42 183 -43 184 -44 185 -45 34 -27 118 -27 119 -27 35 -33 120 -33 121 -33 122 -33 123 -33 36 -37 124 -37 125 -37 37 -40 126 -40 38 -46 127 -46 128 -46 129 -46 130 -46
716 42 -50 44 -52 45 -53 46 -54 47 -55 48 -56 49 -57 50 -58 32 66 116 66 67 -21 69 -24 72 -28 77 -34 80 -38 82 -41 87 -47 88 -48 89 -49 131 -51 172 -22 173 -25 174 -26 175 -29 176 -30 177 -31 178 -32 179 -35 180 -36 181 -39 182 -42 183 -43 184 -44 185 -45 33 -23 117 -23 34 -27 118 -27 119 -27 35 -33 120 -33 121 -33 122 -33 123 -33 36 -37 124 -37 125 -37 37 -40 126 -40 38 -46 127 -46 128 -46 129 -46 130 -46
803 42 -50 44 -52 45 -53 46 -54 47 -55 48 -56 49 -57 50 -58 65 -18 67 -21 69 -24 72 -28 77 -34 80 -38 82 -41 87 -47 88 -48 89 -49 90 131 131 -51 171 -19 172 -22 173 -25 174 -26 175 -29 176 -30 177 -31 178 -32 179 -35 180 -36 181 -39 182 -42 183 -43 184 -44 185 -45 238 -91 237 248 256 -95 253 260 282 -93 293 -134 295 -136 296 -137 313 -135 316 327 317 328 321 332 323 333 334 -114 336 344 353 -116 360 370 372 379 383 388 390 396 211 -92 245 -92 249 -94 311 -115 362 -115 324 -117 343 -117
-26 24 44 39 44 40 44 41 44 43 44 66 44 68 44 70 44 71 44 73 44 74 44 75 44 76 44 78 44 79 44 81 44 83 44 84 44 85 44 86 44 207 44 275 44 292 44 300 44 302 44 306 44 325 44 341 44 350 44 361 44 376 44 392 44
904 24 45 39 45 40 45 41 45 43 45 66 45 68 45 70 45 71 45 73 45 74 45 75 45 76 45 78 45 79 45 81 45 83 45 84 45 85 45 86 45 207 45 275 45 292 45 300 45 302 45 306 45 325 45 341 45 350 45 361 45 376 45 392 45 337 346 364 346
903 24 46 39 46 40 46 41 46 43 46 66 46 68 46 70 46 71 46 73 46 74 46 75 46 76 46 78 46 79 46 81 46 83 46 84 46 85 46 86 46 207 46 275 46 292 46 300 46 302 46 306 46 325 46 341 46 350 46 361 46 376 46 392 46
901 24 47 39 47 40 47 41 47 43 47 66 47 68 47 70 47 71 47 73 47 74 47 75 47 76 47 78 47 79 47 81 47 83 47 84 47 85 47 86 47 207 47 275 47 292 47 300 47 302 47 306 47 325 47 341 47 350 47 361 47 376 47 392 47
902 24 48 39 48 40 48 41 48 43 48 66 48 68 48 70 48 71 48 73 48 74 48 75 48 76 48 78 48 79 48 81 48 83 48 84 48 85 48 86 48 207 48 275 48 292 48 300 48 302 48 306 48 325 48 341 48 350 48 361 48 376 48 392 48
905 24 49 39 49 40 49 41 49 43 49 66 49 68 49 70 49 71 49 73 49 74 49 75 49 76 49 78 49 79 49 81 49 83 49 84 49 85 49 86 49 207 49 275 49 292 49 300 49 302 49 306 49 325 49 341 49 350 49 361 49 376 49 392 49
-27 30 62
301 30 63 115 170 213 242 247 242
410 30 64 114 169
-12 32 65 116 171
-14 33 67 117 172
-16 34 69 118 173 119 174
-18 35 72 120 175 121 176 122 177 123 178
-20 36 77 124 179 125 180
-22 37 80 126 181
-24 38 82 127 182 128 183 129 184 130 185
804 61 112 113 168 248 255 260 285 278 303 299 315 327 338 328 339 346 356 347 357 369 377 388 395 396 399
808 63 114 64 115 242 -83 243 -84 241 252 249 257 254 262 258 283 259 284 324 335 343 335
-28 112 159 168 214
-29 112 160 168 160 160 205 205 205
-31 112 161 160 161 168 161 205 161
805 161 -65 162 -66 163 -67 159 203 204 -62 231 -63 232 -68 214 244 263 288 288 -71 310 -96 309 322 322 -90 318 329 348 358 349 359 354 363 365 374 366 375 380 -119 386 -121 387 -122 384 389 398 400 401 403 160 -64 205 -64 255 -97 285 -97 289 -97 338 -97 356 -97 357 -97 377 -97 395 -97 399 -97 345 -120 373 -120
-32 112 162 160 162 168 162 205 162
-33 112 163 160 163 168 163 205 163
-34 112 164 160 164 168 164 205 164
-36 112 166 160 166 168 166 205 166
-30 160 204 205 231
-35 164 206
101 165 208 331 342
601 165 209
-42 167 212
-37 211 237 245 253
-45 211 238 245 238 257 282
-43 213 240
-40 213 241 247 254
302 213 243 247 243
-39 235 246
-44 241 251
-46 249 256
303 252 258 262 287 284 308
-41 254 261
-38 255 263 285 309 289 310 338 348 356 365 357 366 377 384 395 398 399 401
-47 255 264 285 264 289 264 338 264 356 264 357 264 377 264 395 264 399 264
-48 255 266 285 266 289 266 338 266 356 266 357 266 377 266 395 266 399 266
-49 255 267 285 267 289 267 338 267 356 267 357 267 377 267 395 267 399 267
-50 255 268 285 268 289 268 338 268 356 268 357 268 377 268 395 268 399 268
-51 255 269 285 269 289 269 338 269 356 269 357 269 377 269 395 269 399 269
-52 255 270 285 270 289 270 338 270 356 270 357 270 377 270 395 270 399 270
-53 255 271 285 271 289 271 338 271 356 271 357 271 377 271 395 271 399 271
-54 255 272 285 272 289 272 338 272 356 272 357 272 377 272 395 272 399 272
-55 255 273 285 273 289 273 338 273 356 273 357 273 377 273 395 273 399 273
413 255 275 285 275 289 275 338 275 356 275 357 275 377 275 395 275 399 275
401 255 276 285 276 289 276 338 276 356 276 357 276 377 276 395 276 399 276
405 255 277 285 277 289 277 338 277 356 277 357 277 377 277 395 277 399 277
408 255 278 285 278 289 278 338 278 356 278 357 278 377 278 395 278 399 278
409 255 279 285 279 289 279 338 279 356 279 357 279 377 279 395 279 399 279
500 255 281 285 281 289 281 338 281 356 281 357 281 377 281 395 281 399 281
-56 274 290 385 390
-58 274 291
-66 274 293 385 293
809 274 294
714 274 295 385 295
715 274 296 385 296
-57 275 297
-64 278 301
501 292 312
-65 303 318 339 349
-59 311 323 362 372
402 315 326 345 355 373 355 386 -121 387 -122
-60 324 334 343 353
807 326 337 355 364
414 329 340
-61 337 345 364 373
404 337 347 364 347
-62 345 354 373 380
-63 358 367 400 402
406 358 368 400 368
407 358 369 400 369
403 374 381 375 382